  15 07811000
   4 07824000
   3 07825000
   3 07849000
   6 07850000
   3 07857000
   3 07887000
  27 07893000
  21 07894000
   3 07899000
   6 07900000
  19 07907000
   3 07943000
   6 07949000
   3 07951000
   3 07957000
   3 07991000
   3 07999000
   3 08029000
   3 08040000
  12 08047000
   3 08048000
   7 08112000
  19 08119000
   3 08202000
   3 08228000
   4 08252000
   6 08264000
   3 08292000
   5 08362000
   3 08380000
   3 08395000
   3 08542000
   3 08562000
   3 08563000
   3 08568000
   3 08575000
  21 08576000
  12 08581000
  10 08582000
   4 08583000
   4 08584000
  16 08587000
  18 08588000
   3 08589000
   2 08590000
  13 08591000
  12 08595000
   9 08602000
   3 08605000
   4 08606000
  15 08607000
   4 08608000
  45 08609000
  32 08610000
   8 08611000
  21 08612000
   6 08613000
   7 08614000
  15 08616000
   6 08617000
  13 08618000
  39 08619000
  49 08620000
  20 08621000
  10 08622000
  24 08623000
  13 08624000
  24 08625000
   6 08626000
   9 08627000
   3 08628000
   6 08630000
  26 08631000
  43 08632000
  10 08634000
  10 08635000
  25 08636000
  27 08637000
  12 08638000
   7 08639000
  43 08640000
  18 08641000
  19 08642000
  35 08643000
 198 08644000
 341 08645000
 192 08646000
 237 08647000
 145 08648000
 374 08649000
 305 08650000
 397 08651000
 320 08652000
 208 08653000
 103 08654000
 110 08655000
  25 08656000
  59 08657000
 113 08658000
 230 08659000
 112 08660000
 198 08661000
 192 08662000
 232 08663000
 302 08664000
 140 08665000
  14 08666000
   3 08668000
   1 08671000
   6 08677000
   3 08692000
   3 08715000
   3 08745000
   3 08749000
   3 08755000
   3 08807000
  12 08808000
  46 08809000
   3 08820000
   3 08821000
   1 08835000
  31 08838000
  48 08839000
   1 08840000
   2 08842000
  25 08843000
  27 08844000
   3 08848000
   3 08873000
   1 08885000
   6 08888000
   1 08892000
   3 08897000
  25 08902000
   3 08904000
   3 08913000
   3 08926000
   3 08959000
  15 08982000
   3 08987000
   3 09061000
   3 09066000
   3 09094000
   6 09108000
  13 09109000
   6 09111000
   2 09117000
   7 09122000
   3 09134000
  15 09136000
   1 09174000
   3 09181000
   3 09184000
   9 09186000
   6 09203000
   1 09217000
   3 09222000
   3 09224000
  27 09227000
  93 09228000
 102 09229000
  57 09230000
 116 09231000
  70 09232000
  70 09233000
  87 09234000
 163 09235000
  78 09236000
  24 09237000
  16 09238000
  57 09239000
  92 09240000
 159 09241000
 135 09242000
 140 09243000
 119 09244000
 139 09245000
  95 09246000
 248 09247000
 189 09248000
 217 09249000
 107 09250000
  64 09251000
 136 09252000
 214 09253000
 478 09254000
 281 09255000
 162 09256000
 131 09257000
 100 09258000
  50 09259000
 136 09260000
 168 09261000
 236 09262000
 213 09263000
 140 09264000
 102 09265000
 159 09266000
 195 09267000
 162 09268000
 150 09269000
  45 09270000
 103 09271000
 223 09272000
 241 09273000
 390 09274000
 361 09275000
 242 09276000
 144 09277000
 149 09278000
 100 09279000
 243 09280000
 333 09281000
 202 09282000
 161 09283000
 124 09284000
 121 09285000
 204 09286000
 222 09287000
 243 09288000
 129 09289000
  59 09290000
 128 09291000
  75 09292000
 124 09293000
 135 09294000
 178 09295000
 101 09296000
 131 09297000
  88 09298000
 146 09299000
 278 09300000
 247 09301000
 145 09302000
  51 09303000
 151 09304000
 121 09305000
 119 09306000
  75 09307000
 124 09308000
  37 09309000
  71 09310000
 126 09311000
 226 09312000
 213 09313000
 195 09314000
 102 09315000
  43 09316000
 144 09317000
 152 09318000
 438 09319000
 602 09320000
 359 09321000
 262 09322000
 530 09323000
 189 09324000
 243 09325000
 411 09326000
 369 09327000
 166 09328000
  60 09329000
  10 09330000
   6 09331000
   3 09332000
  15 09333000
   7 09334000
   9 09335000
   9 09336000
   3 09337000
   3 09338000
  18 09339000
  18 09340000
   6 09346000
   9 09349000
   3 09356000
   3 09359000
   3 09362000
   3 09364000
   6 09365000
   3 09367000
   3 09368000
   1 09376000
   3 09380000
   6 09382000
   3 09386000
   3 09389000
   3 09390000
   5 09393000
   9 09394000
  58 09395000
   6 09396000
  21 09397000
  12 09399000
  21 09401000
 115 09402000
  18 09403000
   3 09404000
   3 09405000
   1 09408000
 116 09409000
  23 09410000
  18 09411000
  27 09412000
   1 09413000
   6 09414000
   3 09416000
  30 09417000
   3 09418000
   3 09423000
   3 09424000
   6 09427000
   9 09429000
   3 09432000
   3 09433000
   3 09437000
   3 09439000
   3 09449000
   3 09451000
   6 09454000
   3 09455000
   9 09456000
   6 09459000
   3 09460000
   9 09462000
   6 09463000
   9 09469000
   3 09471000
   3 09472000
   4 09473000
   3 09477000
   3 09478000
   3 09479000
   3 09487000
   3 09493000
   3 09494000
   3 09500000
   2 09502000
   3 09504000
   3 09505000
   7 09506000
   1 09507000
   4 09508000
   3 09509000
   3 09513000
   6 09514000
   6 09516000
   1 09518000
   3 09520000
   1 09523000
   3 09525000
   4 09526000
   3 09528000
   3 09529000
   3 09535000
   3 09537000
   3 09540000
   6 09550000
   1 09552000
   3 09553000
  22 09554000
   6 09555000
   3 09558000
   3 09559000
   3 09560000
   3 09561000
   3 09563000
   3 09564000
   7 09565000
   3 09567000
   3 09568000
   3 09574000
   3 09575000
   3 09577000
   6 09581000
   3 09584000
   6 09586000
   1 09593000
   8 09594000
   6 09595000
  20 09597000
   3 09599000
   6 09605000
   4 09606000
  38 09607000
   6 09612000
   3 09614000
   3 09633000
   4 09634000
  12 09635000
   2 09636000
   1 09639000
   3 09640000
   3 09643000
   3 09650000
   3 09652000
  24 09654000
   3 09664000
   3 09665000
   3 09669000
   1 09674000
   3 09675000
   3 09676000
   3 09677000
   3 09703000
   1 09704000
   5 09705000
   7 09707000
   3 09708000
   3 09726000
   3 09727000
 128 09728000
 151 09729000
 126 09730000
 108 09731000
  51 09732000
 114 09733000
 140 09734000
 202 09735000
 228 09736000
 178 09737000
 114 09738000
  84 09739000
 252 09740000
 386 09741000
 171 09742000
 178 09743000
  47 09744000
  32 09745000
 282 09746000
 144 09747000
 317 09748000
 318 09749000
 182 09750000
 118 09751000
 227 09752000
 240 09753000
 461 09754000
 371 09755000
 280 09756000
 117 09757000
  98 09758000
  64 09759000
 256 09760000
 150 09761000
  83 09762000
 126 09763000
  61 09764000
  60 09765000
  97 09766000
 146 09767000
 188 09768000
 136 09769000
  81 09770000
  84 09771000
 130 09772000
 215 09773000
 290 09774000
 133 09775000
 201 09776000
 138 09777000
 150 09778000
 129 09779000
 241 09780000
 305 09781000
 135 09782000
 173 09783000
 107 09784000
 163 09785000
 376 09786000
 222 09787000
 305 09788000
 146 09789000
 157 09790000
 248 09791000
 376 09792000
 503 09793000
 250 09794000
 174 09795000
 193 09796000
  69 09797000
 209 09798000
 183 09799000
 749 09800000
 304 09801000
 190 09802000
 119 09803000
 171 09804000
 261 09805000
 219 09806000
 213 09807000
  63 09808000
  82 09809000
 102 09810000
 132 09811000
 332 09812000
 291 09813000
 376 09814000
 188 09815000
 320 09816000
 378 09817000
 541 09818000
 510 09819000
 715 09820000
 352 09821000
 360 09822000
 113 09823000
 134 09824000
 179 09825000
 197 09826000
 175 09827000
  57 09828000
  77 09829000
 120 09830000
  58 09831000
  59 09832000
 148 09833000
  48 09834000
  18 09835000
 138 09836000
 194 09837000
 227 09838000
 325 09839000
 262 09840000
  41 09841000
 269 09842000
 137 09843000
 152 09844000
 344 09845000
  71 09846000
  54 09847000
  10 09848000
  13 09849000
   3 09850000
  19 09851000
  29 09852000
  33 09853000
  37 09854000
  42 09855000
   3 09856000
   3 09861000
   1 09862000
   1 09864000
   3 09865000
   3 09866000
   1 09869000
   3 09872000
   2 09873000
   5 09874000
   3 09877000
   6 09878000
   3 09882000
   3 09883000
  18 09884000
   4 09885000
   3 09891000
   3 09901000
   4 09905000
   6 09906000
   5 09908000
   3 09909000
   6 09910000
   3 09912000
   7 09913000
   2 09914000
   3 09915000
   3 09916000
   3 09917000
   3 09920000
   3 09924000
   6 09925000
   7 09926000
   2 09928000
   1 09930000
   6 09931000
   1 09934000
   3 09935000
   6 09937000
   3 09938000
   2 09939000
   1 09943000
   5 09944000
   1 09946000
   6 09947000
   3 09956000
   3 09960000
   3 09963000
   1 09966000
   2 09969000
   1 09983000
   1 09987000
   3 09994000
   3 09996000
   1 09999000
   6 10007000
   6 10012000
   3 10014000
   3 10015000
   3 10017000
   3 10019000
   6 10022000
  15 10024000
   3 10026000
   3 10030000
   9 10046000
   7 10061000
   1 10070000
   4 10072000
   3 10089000
   3 10090000
   3 10094000
   3 10102000
   3 10109000
   1 10112000
   1 10121000
   2 10126000
   2 10137000
   1 10145000
   2 10151000
   1 10194000
   1 10195000
   4 10200000
  16 10201000
   3 10202000
   4 10205000
   4 10207000
   4 10215000
   2 10222000
   1 10227000
   2 10228000
   1 10239000
   1 10240000
   3 10244000
   7 10245000
   1 10246000
   4 10247000
   3 10248000
   2 10253000
   1 10264000
  10 10268000
  20 10269000
 142 10271000
 138 10272000
  24 10273000
 258 10274000
  23 10275000
  75 10276000
 145 10277000
 153 10278000
 196 10279000
 142 10280000
 125 10281000
  69 10282000
 282 10283000
 222 10284000
 249 10285000
  98 10286000
 225 10287000
  91 10288000
 114 10289000
 383 10290000
  50 10291000
 132 10292000
  99 10293000
  69 10294000
  75 10295000
 342 10296000
 132 10297000
 267 10298000
 115 10299000
 285 10300000
  58 10301000
 104 10302000
 345 10303000
 253 10304000
 177 10305000
 167 10306000
 286 10307000
 147 10308000
  93 10309000
 121 10310000
 192 10311000
 177 10312000
  56 10313000
  52 10314000
 124 10315000
  81 10316000
 270 10317000
 337 10318000
 132 10319000
 135 10320000
  33 10321000
 203 10322000
 398 10323000
 445 10324000
 122 10325000
  64 10326000
  92 10327000
  71 10328000
 259 10329000
 132 10330000
 240 10331000
  82 10332000
  48 10333000
 197 10334000
 527 10335000
 116 10336000
 202 10337000
  27 10338000
 176 10339000
 226 10340000
 176 10341000
 379 10342000
 547 10343000
 213 10344000
 176 10345000
 185 10346000
 141 10347000
 268 10348000
 334 10349000
 232 10350000
 179 10351000
 100 10352000
  64 10353000
 301 10354000
 305 10355000
 275 10356000
 220 10357000
 205 10358000
  86 10359000
 220 10360000
 196 10361000
 224 10362000
 249 10363000
  72 10364000
  43 10365000
 186 10366000
 163 10367000
 304 10368000
 162 10369000
  29 10370000
 219 10371000
  97 10372000
  56 10373000
 295 10374000
 384 10375000
 252 10376000
 135 10377000
 173 10378000
 150 10379000
 299 10380000
 541 10381000
 279 10382000
 299 10383000
1090 10384000
1184 10385000
 269 10386000
 503 10387000
 108 10388000
  48 10389000
   7 10390000
  21 10391000
 199 10392000
   7 10393000
  90 10394000
   1 10395000
   5 10396000
  10 10397000
  28 10401000
   5 10402000
   9 10404000
  12 10405000
   2 10406000
  46 10407000
  42 10408000
   5 10409000
  54 10411000
   3 10412000
   5 10416000
  27 10418000
   3 10419000
   5 10423000
   8 10425000
   9 10427000
   4 10428000
   7 10433000
   2 10439000
   1 10447000
   2 10450000
   5 10453000
   2 10455000
   1 10459000
   5 10464000
   4 10465000
   3 10466000
   3 10471000
   2 10474000
   7 10476000
   5 10482000
   2 10484000
  12 10491000
   3 10493000
   5 10494000
   8 10496000
   4 10499000
   2 10502000
  12 10503000
   9 10504000
  10 10505000
   6 10510000
  19 10511000
   2 10515000
   1 10516000
   2 10518000
   3 10522000
   5 10523000
  10 10530000
  10 10535000
   3 10536000
   1 10542000
   2 10545000
   2 10554000
   5 10557000
   2 10560000
   5 10563000
   5 10568000
  10 10569000
   4 10573000
   3 10575000
   9 10577000
   1 10583000
   1 10589000
   6 10596000
   2 10601000
  76 10615000
  63 10616000
  12 10617000
   5 10618000
  16 10619000
  10 10621000
   3 10622000
   3 10634000
   2 10635000
   2 10641000
   2 10643000
   6 10652000
   4 10654000
  40 10659000
  14 10660000
  16 10661000
  15 10662000
   2 10666000
   2 10667000
   3 10668000
  10 10669000
   5 10671000
   2 10672000
   5 10676000
   2 10678000
   2 10685000
   2 10686000
   3 10692000
  13 10696000
   2 10699000
   1 10700000
   5 10701000
   5 10704000
   2 10711000
   2 10712000
   5 10713000
   2 10717000
   7 10720000
   9 10721000
   2 10723000
  19 10724000
   8 10725000
  15 10726000
   2 10727000
   3 10728000
   7 10729000
   7 10730000
   6 10731000
   2 10733000
   2 10734000
  13 10735000
   4 10736000
  14 10737000
  18 10738000
   8 10739000
   7 10740000
  12 10741000
  25 10743000
  20 10744000
  10 10745000
   5 10746000
  12 10747000
  14 10748000
   7 10749000
  15 10750000
  17 10751000
   8 10752000
  24 10753000
   5 10754000
   2 10762000
   2 10763000
   2 10764000
   2 10767000
   5 10769000
  10 10770000
   7 10772000
   1 10773000
   1 10774000
   3 10775000
   2 10776000
   2 10777000
   1 10778000
   5 10782000
   2 10783000
   5 10787000
   2 10788000
  16 10794000
   5 10797000
   7 10802000
   4 10804000
   5 10808000
   2 10813000
  24 10815000
   6 10816000
  13 10818000
   5 10819000
   2 10820000
   6 10823000
   4 10824000
   1 10830000
   6 10836000
   3 10845000
   7 10857000
   2 10858000
   7 10859000
   2 10860000
  14 10861000
  15 10862000
  10 10864000
  51 10865000
  13 10866000
  25 10867000
  63 10868000
  74 10869000
  93 10870000
   9 10871000
  21 10872000
  14 10873000
  23 10874000
  50 10875000
  48 10876000
   2 10877000
   6 10879000
  41 10880000
  11 10881000
  44 10882000
  31 10883000
  30 10884000
  16 10885000
  59 10886000
  58 10887000
  50 10888000
  38 10889000
 244 10890000
 241 10891000
 186 10892000
 166 10893000
 393 10894000
  23 10895000
 158 10896000
  10 10897000
  42 10898000
 196 10899000
 150 10900000
 144 10901000
 156 10902000
  80 10903000
  10 10904000
   4 10905000
  67 10906000
  93 10907000
  39 10908000
  98 10909000
  38 10910000
  71 10911000
  80 10912000
  91 10913000
  59 10914000
  72 10915000
  64 10916000
  48 10917000
  86 10918000
 185 10919000
 193 10920000
 111 10921000
 121 10922000
  47 10923000
  34 10924000
  46 10925000
 100 10926000
 134 10927000
  50 10928000
  42 10929000
  25 10930000
 120 10931000
  75 10932000
  28 10933000
  32 10934000
  31 10935000
   7 10936000
  23 10937000
  45 10938000
  42 10939000
  40 10940000
  39 10941000
  24 10942000
  54 10943000
 190 10944000
  31 10945000
  30 10946000
  63 10947000
  30 10948000
  40 10949000
  29 10950000
 258 10951000
  51 10952000
 151 10953000
  54 10954000
 213 10955000
  46 10956000
 160 10957000
 232 10958000
 147 10959000
 110 10960000
 101 10961000
  22 10962000
 108 10963000
  69 10964000
 186 10965000
  89 10966000
  44 10967000
  55 10968000
  47 10969000
 343 10970000
 194 10971000
 294 10972000
 127 10973000
  29 10974000
 175 10975000
 411 10976000
 844 10977000
 231 10978000
  19 10979000
   7 10980000
   1 10981000
   6 10982000
   9 10983000
  10 10984000
   3 10986000
   5 10987000
  10 10988000
   2 10989000
   7 10992000
  12 10994000
   1 10995000
   2 10996000
   4 10997000
   3 10998000
   2 10999000
   3 11000000
   1 11001000
   1 11002000
   9 11003000
   9 11004000
   1 11005000
   7 11007000
   6 11010000
   7 11011000
   7 11012000
   5 11014000
   5 11015000
  11 11016000
   8 11019000
  13 11021000
   2 11022000
   2 11023000
   5 11027000
   3 11032000
   5 11034000
   5 11036000
   5 11041000
   7 11046000
   2 11047000
   4 11048000
   2 11049000
   2 11050000
   5 11056000
   2 11057000
   1 11059000
   4 11060000
  12 11063000
   2 11074000
   2 11077000
   2 11083000
   9 11088000
   5 11089000
   6 11091000
   3 11095000
   5 11099000
   6 11100000
   2 11101000
   4 11104000
   9 11105000
  43 11107000
   2 11113000
   6 11114000
   5 11116000
   4 11121000
   8 11122000
   5 11123000
   9 11134000
   2 11136000
   1 11143000
   5 11147000
   5 11148000
   1 11153000
  10 11154000
  19 11158000
   8 11177000
   1 11186000
   3 11191000
   4 11192000
   5 11193000
   5 11201000
   5 11212000
  16 11218000
  16 11219000
   5 11220000
   5 11222000
   5 11227000
   7 11228000
   3 11231000
   9 11236000
  17 11237000
  10 11238000
  57 11239000
   6 11240000
  51 11243000
  16 11244000
   1 11246000
  42 11250000
  55 11251000
  22 11252000
  28 11254000
   7 11255000
  14 11256000
  22 11257000
  15 11258000
   2 11259000
  26 11260000
  17 11261000
   9 11262000
   7 11263000
  15 11264000
   1 11265000
   1 11268000
  10 11269000
   7 11270000
  27 11271000
   2 11272000
  10 11273000
   2 11274000
   9 11275000
   7 11276000
   3 11277000
   2 11278000
   2 11279000
   2 11280000
   4 11281000
  12 11282000
   8 11284000
  13 11285000
   9 11286000
   7 11287000
   9 11288000
  25 11289000
  62 11290000
  41 11291000
  14 11292000
  27 11293000
  31 11294000
   2 11295000
  14 11296000
  38 11297000
  14 11298000
   2 11301000
   5 11302000
   7 11303000
   4 11304000
  10 11305000
   2 11307000
   5 11308000
  15 11309000
   4 11311000
   6 11312000
   9 11313000
   8 11314000
   7 11315000
  40 11316000
   2 11317000
   4 11320000
   7 11321000
  11 11322000
   3 11323000
   5 11324000
   7 11325000
   1 11326000
   9 11327000
   4 11328000
  21 11329000
   4 11335000
   7 11336000
   2 11337000
   2 11338000
   2 11340000
  20 11341000
   2 11342000
   4 11343000
  40 11344000
   5 11345000
   7 11346000
  14 11347000
  12 11348000
   2 11350000
   2 11352000
   7 11353000
   3 11354000
   2 11355000
   9 11356000
   2 11358000
   2 11359000
   5 11360000
   1 11362000
   4 11363000
   4 11364000
   1 11365000
  17 11367000
  29 11368000
   5 11369000
  13 11370000
   7 11371000
   2 11372000
  58 11373000
 286 11374000
 141 11375000
  42 11376000
  67 11377000
  26 11378000
 167 11379000
  98 11380000
 158 11381000
 165 11382000
 153 11383000
  36 11384000
  89 11385000
 185 11386000
 227 11387000
 338 11388000
 271 11389000
 154 11390000
 256 11391000
 200 11392000
 288 11393000
 257 11394000
 210 11395000
 125 11396000
  80 11397000
 100 11398000
 139 11399000
 227 11400000
 186 11401000
 103 11402000
  79 11403000
  54 11404000
 230 11405000
  92 11406000
 133 11407000
 123 11408000
 114 11409000
  71 11410000
  86 11411000
  78 11412000
  90 11413000
  68 11414000
  30 11415000
  61 11416000
  81 11417000
 128 11418000
  67 11419000
 117 11420000
  98 11421000
  35 11422000
  63 11423000
 107 11424000
 187 11425000
  74 11426000
  91 11427000
  47 11428000
  44 11429000
 120 11430000
  41 11431000
  53 11432000
  77 11433000
  54 11434000
  61 11435000
  48 11436000
 175 11437000
 158 11438000
 115 11439000
 208 11440000
 100 11441000
  59 11442000
  41 11443000
  33 11444000
  38 11445000
 965 11446000
 709 11447000
 460 11448000
 613 11449000
 542 11450000
 311 11451000
 715 11452000
 964 11453000
 892 11454000
 726 11455000
 552 11456000
 626 11457000
 820 11458000
1067 11459000
1205 11460000
 589 11461000
 802 11462000
 889 11463000
 594 11464000
 983 11465000
1374 11466000
 570 11467000
 804 11468000
 206 11469000
 332 11470000
 744 11471000
 203 11472000
 836 11473000
 188 11474000
  67 11475000
  22 11476000
  58 11477000
  59 11478000
 146 11479000
 254 11480000
  94 11481000
 118 11482000
  37 11483000
   9 11484000
  20 11485000
 114 11486000
  21 11487000
  51 11488000
  26 11489000
  22 11490000
  42 11491000
   5 11492000
   3 11493000
   5 11494000
   2 11495000
   5 11496000
  16 11497000
   8 11498000
  20 11499000
  21 11500000
  15 11502000
  10 11503000
  11 11504000
   2 11505000
   2 11506000
  11 11507000
   7 11508000
  30 11509000
  20 11511000
  13 11512000
  14 11513000
   5 11514000
   8 11515000
   4 11517000
   1 11518000
   1 11519000
  17 11520000
   3 11521000
  15 11522000
   1 11523000
  19 11524000
   4 11525000
   6 11526000
   8 11527000
   5 11528000
   6 11529000
   9 11530000
  28 11531000
   5 11532000
  63 11533000
   5 11534000
  59 11535000
  18 11538000
   3 11539000
  14 11540000
   2 11541000
   2 11542000
   5 11543000
  13 11544000
  12 11545000
   7 11546000
   2 11547000
   8 11548000
   4 11549000
   2 11550000
   1 11551000
  16 11552000
   1 11553000
   8 11555000
   2 11556000
  14 11557000
   1 11558000
   7 11559000
  40 11560000
   2 11561000
  20 11562000
  18 11563000
   6 11564000
   9 11565000
  22 11566000
   6 11567000
   7 11568000
  11 11569000
   9 11570000
   3 11571000
   2 11572000
   3 11574000
   5 11575000
   2 11576000
  13 11577000
   4 11578000
   3 11579000
   1 11583000
   6 11584000
   3 11585000
   3 11588000
   1 11591000
   6 11593000
  10 11594000
   8 11596000
   3 11601000
   5 11602000
   1 11604000
   5 11605000
   4 11606000
   9 11610000
   8 11615000
  11 11619000
   3 11621000
   1 11623000
   8 11625000
   1 11626000
   5 11627000
   6 11628000
   3 11629000
   3 11630000
   8 11632000
   4 11635000
   9 11636000
   5 11641000
   2 11643000
   1 11644000
   5 11645000
   2 11646000
   3 11647000
   7 11648000
   1 11650000
   1 11651000
   7 11652000
   1 11654000
   5 11663000
   5 11668000
   5 11670000
   7 11677000
   5 11686000
  81 11687000
   4 11688000
  12 11690000
   2 11693000
   1 11694000
  18 11695000
 112 11696000
 109 11697000
   8 11698000
  49 11699000
  24 11700000
  34 11701000
  14 11702000
  38 11703000
  41 11704000
  47 11705000
   5 11706000
  24 11707000
   2 11708000
  56 11709000
  81 11710000
 133 11711000
  78 11712000
  44 11713000
  45 11714000
  75 11715000
  12 11716000
  33 11717000
  96 11718000
  17 11719000
  24 11720000
  18 11721000
   7 11722000
  37 11723000
  29 11724000
   8 11725000
  52 11726000
  33 11727000
  42 11728000
  38 11729000
  28 11730000
  45 11731000
  57 11732000
  14 11733000
  33 11734000
  22 11735000
  10 11736000
   9 11737000
  14 11738000
  45 11739000
  10 11740000
  22 11741000
  16 11742000
   9 11743000
  30 11744000
  18 11745000
  33 11746000
  19 11747000
  12 11748000
   7 11749000
   5 11752000
  22 11753000
   4 11754000
  22 11755000
  17 11756000
   5 11757000
   5 11758000
   4 11759000
  25 11760000
   7 11761000
   6 11762000
   3 11764000
   4 11765000
   4 11766000
   5 11767000
   8 11768000
  28 11769000
  34 11770000
  16 11771000
   5 11773000
  21 11774000
   9 11775000
  16 11776000
  18 11777000
   5 11778000
   8 11779000
   1 11780000
  29 11781000
  17 11782000
   2 11783000
  25 11786000
   5 11787000
   7 11789000
   7 11792000
   1 11793000
   1 11796000
   1 11798000
   6 11799000
   5 11800000
   6 11801000
   2 11803000
  11 11804000
  13 11805000
   8 11807000
   2 11809000
   2 11812000
   7 11813000
   3 11814000
   1 11817000
   2 11818000
   1 11819000
   1 11820000
   9 11824000
   7 11825000
   6 11826000
   4 11827000
   2 11829000
   4 11830000
   4 11831000
   2 11832000
  26 11833000
  61 11834000
  68 11835000
  20 11836000
   1 11837000
   7 11838000
  11 11839000
  18 11840000
  18 11841000
   3 11842000
   7 11844000
   4 11845000
   4 11846000
   5 11847000
  21 11848000
  16 11849000
   7 11850000
   1 11851000
  12 11852000
   1 11853000
  60 11854000
 242 11855000
  18 11856000
  17 11857000
   5 11858000
   2 11859000
  16 11860000
   8 11862000
  18 11863000
   7 11864000
  38 11865000
  51 11866000
  10 11867000
  20 11868000
  22 11869000
   5 11870000
  36 11871000
  52 11872000
  12 11873000
  37 11874000
  10 11875000
   5 11876000
   5 11877000
  19 11878000
   1 11879000
  26 11880000
  70 11881000
  21 11882000
  21 11883000
  31 11884000
   2 11885000
  14 11886000
  41 11887000
   8 11888000
   6 11890000
  11 11891000
  47 11892000
  26 11893000
   9 11894000
   8 11895000
  17 11897000
  48 11898000
  31 11899000
  32 11900000
  11 11901000
  10 11902000
   3 11903000
  21 11904000
  52 11905000
   2 11906000
   6 11909000
   6 11910000
   1 11914000
   2 11915000
   2 11916000
  10 11917000
  27 11918000
  13 11919000
  12 11920000
  10 11921000
  21 11922000
   8 11923000
  29 11924000
  19 11925000
  20 11926000
  29 11927000
  16 11928000
  11 11929000
   4 11930000
   7 11931000
  15 11932000
  37 11933000
  19 11934000
  25 11935000
  17 11936000
  48 11937000
  51 11938000
  39 11939000
  23 11940000
  29 11941000
  90 11942000
  18 11943000
  30 11944000
  22 11945000
  21 11946000
  20 11947000
  43 11948000
  18 11949000
  10 11950000
   3 11951000
   5 11952000
   4 11953000
   3 11954000
  12 11955000
  24 11956000
  30 11957000
  47 11958000
  72 11959000
  16 11960000
  12 11961000
  18 11962000
  37 11963000
  21 11964000
   7 11965000
  20 11966000
  11 11968000
  22 11969000
  21 11970000
   3 11971000
   4 11975000
   4 11976000
  10 11977000
   1 11980000
  13 11981000
  15 11982000
   7 11983000
   5 11986000
  11 11987000
   2 11988000
   2 11989000
   9 11993000
  13 11994000
   2 11995000
   2 11998000
   2 11999000
  12 12000000
   8 12001000
   7 12004000
  51 12005000
  48 12006000
   2 12007000
 541 12010000
2458 12011000
 655 12012000
 274 12015000
1584 12016000
 877 12017000
 547 12018000
 458 12021000
 556 12022000
 617 12023000
  77 12024000
 419 12027000
 536 12028000
 969 12029000
  52 12030000
  20 12032000
 336 12033000
 597 12034000
 662 12035000
  42 12038000
 115 12039000
 264 12040000
 300 12041000
 108 12044000
 148 12045000
 181 12046000
  91 12047000
 183 12050000
 139 12051000
 423 12052000
 104 12055000
 106 12056000
 109 12057000
  54 12058000
 123 12061000
 316 12062000
  71 12063000
  36 12064000
 144 12067000
 666 12068000
 189 12069000
  23 12070000
 573 12073000
1026 12074000
 620 12075000
  53 12076000
