   2 1024
1147 1027
1612 1028
1664 1029
1915 1030
1541 1031
1822 1032
1747 1033
2645 1034
1967 1035
1819 1036
1790 1037
4620 1038
 340 1039
 147 1040
  92 1041
  26 1042
   9 1043
   1 1044
  10 1045
  12 1046
  12 1047
   7 1048
  32 1049
  31 1050
  30 1051
   8 1052
  23 1053
   3 1054
   7 1055
  22 1056
  16 1057
   1 1058
   6 1059
   2 1060
 172 1061
  13 1062
   5 1063
   4 1064
  50 1065
  62 1066
  14 1067
   4 1068
  18 1069
  11 1070
  11 1071
  72 1072
  74 1073
 112 1074
  69 1075
  13 1076
  27 1077
  14 1078
  21 1079
  16 1080
  50 1081
  12 1082
   7 1083
   3 1084
  16 1085
 267 1086
 266 1087
 378 1088
1659 1089
 840 1090
 794 1091
 878 1092
 428 1093
 541 1094
1341 1095
 831 1096
2667 1097
  53 1098
  30 1099
  30 1100
  49 1101
  22 1102
  13 1103
  20 1104
  10 1105
  16 1106
   4 1107
  16 1108
  14 1109
  64 1110
  13 1111
  17 1112
  11 1113
  11 1114
  30 1115
   8 1117
   1 1118
  12 1119
   5 1120
  37 1121
  22 1122
  95 1123
  74 1124
 207 1125
  86 1126
  71 1127
  89 1128
 238 1129
  50 1130
  76 1131
  72 1132
  15 1133
 106 1134
  29 1135
  66 1136
 809 1137
1720 1138
1808 1139
1339 1140
 760 1141
 863 1142
 902 1143
3226 1144
7215 1145
8016 1146
2655 1147
 744 1148
 128 1149
 109 1150
  66 1151
  84 1152
 190 1153
  69 1154
  52 1155
 141 1156
  44 1157
  13 1158
  25 1159
  18 1160
  28 1161
  27 1162
  24 1163
  25 1164
  10 1165
  10 1166
  12 1167
  90 1168
 311 1169
 285 1170
 614 1171
 288 1172
 277 1173
 176 1174
  84 1175
  90 1176
 132 1177
  86 1178
  16 1179
  47 1180
  16 1181
  29 1182
 204 1183
  96 1184
 365 1185
 190 1186
 182 1187
 234 1188
 203 1189
 137 1190
  61 1191
 175 1192
 262 1193
 314 1194
 210 1195
 164 1196
  42 1197
  56 1198
  28 1199
 128 1200
6936 1201
3632 1202
1824 1203
1092 1204
1118 1205
 546 1206
   1 bloc
