10244000	2
10245500	1
10246000	0
10246500	0
10247000	0
10247500	0
10248000	0
10248500	0
10249000	0
10249500	0
10250000	0
10250500	0
10251000	0
10251500	0
10252000	0
10252500	0
10253000	0
10253500	0
10254000	0
10254500	0
10255000	0
10255500	0
10256000	0
10256500	0
10257000	0
10257500	0
10258000	0
10258500	0
10259000	0
10259500	0
10260000	0
10260500	0
10261000	0
10261500	0
10262000	0
10262500	0
10263000	0
10263500	0
10264000	0
10264500	0
10265000	0
10265500	0
10266000	0
10266500	0
10267000	0
10267500	0
10268000	0
10268500	0
10269000	0
10269500	0
10270000	0
10270500	1
10271000	57
10271500	85
10272000	60
10272500	0
10273000	78
10273500	24
10274000	148
10274500	110
10275000	4
10275500	12
10276000	59
10276500	16
10277000	13
10277500	132
10278000	70
10278500	83
10279000	88
10279500	108
10280000	37
10280500	105
10281000	89
10281500	36
10282000	35
10282500	34
10283000	128
10283500	154
10284000	108
10284500	114
10285000	137
10285500	112
10286000	36
10286500	62
10287000	118
10287500	107
10288000	75
10288500	15
10289000	14
10289500	96
10290000	184
10290500	199
10291000	12
10291500	38
10292000	93
10292500	39
10293000	16
10293500	83
10294000	45
10294500	24
10295000	26
10295500	49
10296000	147
10296500	195
10297000	48
10297500	84
10298000	191
10298500	76
10299000	71
10299500	44
10300000	266
10300500	19
10301000	5
10301500	53
10302000	89
10302500	15
10303000	123
10303500	222
10304000	64
10304500	189
10305000	29
10305500	148
10306000	97
10306500	70
10307000	220
10307500	66
10308000	47
10308500	100
10309000	76
10309500	17
10310000	96
10310500	25
10311000	161
10311500	31
10312000	52
10312500	125
10313000	2
10313500	0
10314000	54
10314500	51
10315000	93
10315500	31
10316000	39
10316500	42
10317000	158
10317500	112
10318000	265
10318500	72
10319000	117
10319500	15
10320000	0
10320500	135
10321000	17
10321500	16
10322000	47
10322500	156
10323000	112
10323500	286
10324000	242
10324500	203
10325000	110
10325500	12
10326000	55
10326500	9
10327000	5
10327500	87
10328000	5
10328500	66
10329000	162
10329500	97
10330000	58
10330500	74
10331000	238
10331500	2
10332000	18
10332500	64
10333000	4
10333500	44
10334000	131
10334500	66
10335000	368
10335500	159
10336000	63
10336500	53
10337000	117
10337500	85
10338000	20
10338500	7
10339000	85
10339500	91
10340000	108
10340500	118
10341000	47
10341500	129
10342000	218
10342500	161
10343000	165
10343500	382
10344000	84
10344500	129
10345000	103
10345500	73
10346000	103
10346500	82
10347000	100
10347500	41
10348000	128
10348500	140
10349000	172
10349500	162
10350000	29
10350500	203
10351000	90
10351500	89
10352000	86
10352500	14
10353000	24
10353500	40
10354000	132
10354500	169
10355000	134
10355500	171
10356000	143
10356500	132
10357000	108
10357500	112
10358000	54
10358500	151
10359000	45
10359500	41
10360000	66
10360500	154
10361000	88
10361500	108
10362000	126
10362500	98
10363000	153
10363500	96
10364000	61
10364500	11
10365000	4
10365500	39
10366000	136
10366500	50
10367000	25
10367500	138
10368000	147
10368500	157
10369000	75
10369500	87
10370000	15
10370500	14
10371000	81
10371500	138
10372000	47
10372500	50
10373000	15
10373500	41
10374000	170
10374500	125
10375000	167
10375500	217
10376000	158
10376500	94
10377000	96
10377500	39
10378000	80
10378500	93
10379000	61
10379500	89
10380000	91
10380500	208
10381000	330
10381500	211
10382000	140
10382500	139
10383000	271
10383500	28
10384000	462
10384500	628
10385000	1085
10385500	99
10386000	81
10386500	188
10387000	375
10387500	128
10388000	54
10388500	54
10389000	13
10389500	35
10390000	0
10390500	0
10391000	7
10391500	0
10392000	21
10392500	199
10393000	2
10393500	5
10394000	5
10394500	0
10395000	85
10395500	1
10396000	3
10396500	0
10397000	2
10397500	0
10398000	0
10398500	0
10399000	0
10399500	0
10400000	0
10400500	10
10401000	24
10401500	0
10402000	4
10402500	0
10403000	0
10403500	0
10404000	5
10404500	9
10405000	0
10405500	10
10406000	0
10406500	2
10407000	8
10407500	38
10408000	26
10408500	0
10409000	16
10409500	0
10410000	0
10410500	5
10411000	48
10411500	0
10412000	6
10412500	0
10413000	0
10413500	0
10414000	0
10414500	0
10415000	0
10415500	3
10416000	0
10416500	0
10417000	0
10417500	0
10418000	5
10418500	0
10419000	27
10419500	0
10420000	0
10420500	0
10421000	0
10421500	0
10422000	0
10422500	3
10423000	0
10423500	0
10424000	0
10424500	5
10425000	0
10425500	0
10426000	0
10426500	8
10427000	4
10427500	0
10428000	5
10428500	0
10429000	0
10429500	0
10430000	0
10430500	0
10431000	0
10431500	0
10432000	0
10432500	4
10433000	0
10433500	0
10434000	0
10434500	0
10435000	0
10435500	0
10436000	0
10436500	0
10437000	0
10437500	0
10438000	0
10438500	0
10439000	7
10439500	0
10440000	0
10440500	0
10441000	0
10441500	0
10442000	0
10442500	0
10443000	0
10443500	0
10444000	0
10444500	0
10445000	0
10445500	0
10446000	0
10446500	2
10447000	0
10447500	0
10448000	0
10448500	0
10449000	0
10449500	1
10450000	0
10450500	0
10451000	0
10451500	0
10452000	0
10452500	0
10453000	2
10453500	0
10454000	0
10454500	5
10455000	0
10455500	0
10456000	0
10456500	0
10457000	0
10457500	0
10458000	0
10458500	2
10459000	0
10459500	0
10460000	0
10460500	0
10461000	0
10461500	0
10462000	0
10462500	0
10463000	0
10463500	0
10464000	1
10464500	5
10465000	2
10465500	2
10466000	0
10466500	0
10467000	0
10467500	0
10468000	0
10468500	0
10469000	0
10469500	0
10470000	0
10470500	3
10471000	0
10471500	0
10472000	0
10472500	0
10473000	0
10473500	0
10474000	3
10474500	0
10475000	0
10475500	2
10476000	2
10476500	0
10477000	0
10477500	0
10478000	0
10478500	0
10479000	0
10479500	0
10480000	0
10480500	0
10481000	0
10481500	5
10482000	0
10482500	0
10483000	0
10483500	5
10484000	0
10484500	0
10485000	0
10485500	0
10486000	0
10486500	0
10487000	0
10487500	0
10488000	0
10488500	0
10489000	0
10489500	0
10490000	0
10490500	2
10491000	5
10491500	0
10492000	0
10492500	0
10493000	7
10493500	3
10494000	0
10494500	0
10495000	0
10495500	5
10496000	0
10496500	0
10497000	0
10497500	0
10498000	0
10498500	8
10499000	0
10499500	0
10500000	0
10500500	0
10501000	0
10501500	0
10502000	0
10502500	0
10503000	4
10503500	12
10504000	7
10504500	2
10505000	5
10505500	0
10506000	0
10506500	0
10507000	0
10507500	0
10508000	0
10508500	0
10509000	0
10509500	5
10510000	0
10510500	0
10511000	6
10511500	0
10512000	0
10512500	0
10513000	0
10513500	0
10514000	0
10514500	19
10515000	0
10515500	2
10516000	0
10516500	0
10517000	0
10517500	1
10518000	0
10518500	0
10519000	0
10519500	0
10520000	0
10520500	0
10521000	0
10521500	2
10522000	2
10522500	0
10523000	1
10523500	0
10524000	0
10524500	0
10525000	0
10525500	0
10526000	0
10526500	0
10527000	0
10527500	0
10528000	0
10528500	0
10529000	0
10529500	5
10530000	0
10530500	0
10531000	0
10531500	0
10532000	0
10532500	0
10533000	0
10533500	0
10534000	0
10534500	10
10535000	5
10535500	0
10536000	5
10536500	0
10537000	0
10537500	0
10538000	0
10538500	0
10539000	0
10539500	0
10540000	0
10540500	0
10541000	0
10541500	0
10542000	3
10542500	0
10543000	0
10543500	0
10544000	0
10544500	1
10545000	0
10545500	0
10546000	0
10546500	0
10547000	0
10547500	0
10548000	0
10548500	0
10549000	0
10549500	0
10550000	0
10550500	0
10551000	0
10551500	0
10552000	0
10552500	0
10553000	0
10553500	0
10554000	2
10554500	0
10555000	0
10555500	0
10556000	0
10556500	0
10557000	2
10557500	0
10558000	0
10558500	0
10559000	0
10559500	0
10560000	5
10560500	0
10561000	0
10561500	0
10562000	0
10562500	0
10563000	2
10563500	0
10564000	0
10564500	0
10565000	0
10565500	0
10566000	0
10566500	0
10567000	0
10567500	5
10568000	0
10568500	0
10569000	5
10569500	0
10570000	0
10570500	0
10571000	0
10571500	0
10572000	0
10572500	0
10573000	10
10573500	0
10574000	0
10574500	4
10575000	0
10575500	0
10576000	0
10576500	0
10577000	3
10577500	0
10578000	0
10578500	0
10579000	0
10579500	0
10580000	0
10580500	0
10581000	0
10581500	0
10582000	0
10582500	9
10583000	0
10583500	0
10584000	0
10584500	0
10585000	0
10585500	0
10586000	0
10586500	0
10587000	0
10587500	0
10588000	0
10588500	0
10589000	0
10589500	0
10590000	0
10590500	0
10591000	0
10591500	0
10592000	0
10592500	0
10593000	0
10593500	0
10594000	0
10594500	0
10595000	0
10595500	1
10596000	0
10596500	0
10597000	0
10597500	0
10598000	0
10598500	0
10599000	0
10599500	0
10600000	0
10600500	0
10601000	6
10601500	0
10602000	0
10602500	0
10603000	0
10603500	0
10604000	0
10604500	0
10605000	0
10605500	0
10606000	0
10606500	0
10607000	0
10607500	0
10608000	0
10608500	0
10609000	0
10609500	0
10610000	0
10610500	0
10611000	0
10611500	0
10612000	0
10612500	0
10613000	0
10613500	0
10614000	0
10614500	2
10615000	9
10615500	67
10616000	45
10616500	18
10617000	0
10617500	0
10618000	12
10618500	5
10619000	0
10619500	0
10620000	0
10620500	16
10621000	6
10621500	4
10622000	0
10622500	0
10623000	0
10623500	0
10624000	0
10624500	0
10625000	0
10625500	0
10626000	0
10626500	0
10627000	0
10627500	0
10628000	0
10628500	0
10629000	0
10629500	0
10630000	0
10630500	0
10631000	0
10631500	0
10632000	0
10632500	0
10633000	0
10633500	0
10634000	3
10634500	3
10635000	0
10635500	0
10636000	0
10636500	0
10637000	0
10637500	0
10638000	0
10638500	0
10639000	0
10639500	0
10640000	0
10640500	0
10641000	2
10641500	0
10642000	0
10642500	2
10643000	0
10643500	0
10644000	0
10644500	0
10645000	0
10645500	0
10646000	0
10646500	0
10647000	0
10647500	0
10648000	0
10648500	0
10649000	0
10649500	0
10650000	0
10650500	0
10651000	0
10651500	0
10652000	2
10652500	0
10653000	0
10653500	6
10654000	2
10654500	0
10655000	0
10655500	0
10656000	0
10656500	0
10657000	0
10657500	0
10658000	0
10658500	2
10659000	4
10659500	36
10660000	0
10660500	14
10661000	14
10661500	2
10662000	10
10662500	0
10663000	0
10663500	0
10664000	0
10664500	0
10665000	0
10665500	0
10666000	5
10666500	0
10667000	2
10667500	0
10668000	2
10668500	3
10669000	0
10669500	0
10670000	0
10670500	10
10671000	0
10671500	5
10672000	0
10672500	0
10673000	0
10673500	0
10674000	0
10674500	0
10675000	0
10675500	2
10676000	1
10676500	0
10677000	0
10677500	4
10678000	0
10678500	0
10679000	0
10679500	0
10680000	0
10680500	0
10681000	0
10681500	0
10682000	0
10682500	0
10683000	0
10683500	0
10684000	0
10684500	0
10685000	2
10685500	2
10686000	0
10686500	0
10687000	0
10687500	0
10688000	0
10688500	0
10689000	0
10689500	0
10690000	0
10690500	0
10691000	0
10691500	2
10692000	0
10692500	0
10693000	0
10693500	0
10694000	0
10694500	0
10695000	0
10695500	3
10696000	0
10696500	0
10697000	0
10697500	0
10698000	0
10698500	13
10699000	0
10699500	2
10700000	0
10700500	0
10701000	1
10701500	0
10702000	0
10702500	0
10703000	0
10703500	5
10704000	0
10704500	0
10705000	0
10705500	0
10706000	0
10706500	0
10707000	0
10707500	0
10708000	0
10708500	0
10709000	0
10709500	0
10710000	0
10710500	5
10711000	0
10711500	0
10712000	2
10712500	0
10713000	2
10713500	0
10714000	0
10714500	0
10715000	0
10715500	0
10716000	0
10716500	0
10717000	5
10717500	0
10718000	0
10718500	0
10719000	0
10719500	0
10720000	2
10720500	7
10721000	4
10721500	0
10722000	0
10722500	5
10723000	0
10723500	0
10724000	2
10724500	19
10725000	7
10725500	1
10726000	10
10726500	0
10727000	5
10727500	2
10728000	0
10728500	3
10729000	2
10729500	5
10730000	0
10730500	7
10731000	4
10731500	0
10732000	0
10732500	0
10733000	2
10733500	0
10734000	2
10734500	2
10735000	2
10735500	0
10736000	11
10736500	4
10737000	7
10737500	7
10738000	1
10738500	17
10739000	0
10739500	8
10740000	2
10740500	5
10741000	5
10741500	0
10742000	0
10742500	7
10743000	4
10743500	21
10744000	11
10744500	9
10745000	0
10745500	10
10746000	0
10746500	5
10747000	7
10747500	5
10748000	12
10748500	2
10749000	5
10749500	2
10750000	2
10750500	13
10751000	13
10751500	4
10752000	2
10752500	6
10753000	20
10753500	4
10754000	0
10754500	0
10755000	0
10755500	0
10756000	0
10756500	0
10757000	0
10757500	0
10758000	0
10758500	0
10759000	0
10759500	0
10760000	0
10760500	0
10761000	0
10761500	5
10762000	0
10762500	0
10763000	2
10763500	2
10764000	0
10764500	0
10765000	0
10765500	0
10766000	0
10766500	0
10767000	2
10767500	0
10768000	0
10768500	2
10769000	0
10769500	0
10770000	5
10770500	0
10771000	0
10771500	10
10772000	0
10772500	7
10773000	0
10773500	0
10774000	1
10774500	1
10775000	1
10775500	2
10776000	1
10776500	1
10777000	0
10777500	2
10778000	0
10778500	0
10779000	0
10779500	0
10780000	0
10780500	0
10781000	0
10781500	0
10782000	1
10782500	5
10783000	0
10783500	0
10784000	0
10784500	0
10785000	0
10785500	0
10786000	0
10786500	0
10787000	2
10787500	5
10788000	0
10788500	0
10789000	0
10789500	0
10790000	0
10790500	0
10791000	0
10791500	0
10792000	0
10792500	0
10793000	0
10793500	0
10794000	2
10794500	0
10795000	0
10795500	0
10796000	0
10796500	16
10797000	0
10797500	0
10798000	0
10798500	0
10799000	0
10799500	0
10800000	0
10800500	0
10801000	0
10801500	0
10802000	5
10802500	0
10803000	0
10803500	7
10804000	0
10804500	0
10805000	0
10805500	0
10806000	0
10806500	0
10807000	0
10807500	0
10808000	4
10808500	0
10809000	0
10809500	0
10810000	0
10810500	0
10811000	0
10811500	0
10812000	0
10812500	0
10813000	5
10813500	0
10814000	0
10814500	2
10815000	0
10815500	24
10816000	0
10816500	0
10817000	0
10817500	6
10818000	0
10818500	0
10819000	13
10819500	5
10820000	0
10820500	0
10821000	0
10821500	0
10822000	0
10822500	2
10823000	5
10823500	1
10824000	0
10824500	0
10825000	0
10825500	0
10826000	0
10826500	0
10827000	0
10827500	0
10828000	0
10828500	0
10829000	0
10829500	4
10830000	0
10830500	0
10831000	0
10831500	0
10832000	0
10832500	0
10833000	0
10833500	0
10834000	0
10834500	0
10835000	0
10835500	1
10836000	0
10836500	0
10837000	0
10837500	0
10838000	0
10838500	0
10839000	0
10839500	0
10840000	0
10840500	0
10841000	0
10841500	0
10842000	0
10842500	0
10843000	0
10843500	0
10844000	0
10844500	6
10845000	0
10845500	0
10846000	0
10846500	0
10847000	0
10847500	0
10848000	0
10848500	0
10849000	0
10849500	0
10850000	0
10850500	0
10851000	0
10851500	0
10852000	0
10852500	0
10853000	0
10853500	0
10854000	0
10854500	0
10855000	0
10855500	0
10856000	0
10856500	0
10857000	3
10857500	7
10858000	0
10858500	0
10859000	2
10859500	7
10860000	0
10860500	2
10861000	5
10861500	0
10862000	9
10862500	0
10863000	0
10863500	15
10864000	5
10864500	5
10865000	50
10865500	1
10866000	2
10866500	11
10867000	7
10867500	18
10868000	19
10868500	44
10869000	57
10869500	17
10870000	4
10870500	89
10871000	7
10871500	2
10872000	3
10872500	18
10873000	8
10873500	6
10874000	16
10874500	7
10875000	46
10875500	4
10876000	27
10876500	0
10877000	21
10877500	0
10878000	0
10878500	2
10879000	1
10879500	5
10880000	2
10880500	39
10881000	8
10881500	3
10882000	37
10882500	7
10883000	22
10883500	9
10884000	22
10884500	8
10885000	4
10885500	12
10886000	6
10886500	53
10887000	46
10887500	12
10888000	28
10888500	22
10889000	32
10889500	6
10890000	64
10890500	180
10891000	178
10891500	63
10892000	91
10892500	95
10893000	133
10893500	33
10894000	301
10894500	92
10895000	5
10895500	18
10896000	86
10896500	72
10897000	0
10897500	10
10898000	31
10898500	11
10899000	44
10899500	152
10900000	130
10900500	19
10901000	68
10901500	76
10902000	50
10902500	106
10903000	63
10903500	17
10904000	9
10904500	1
10905000	3
10905500	1
10906000	3
10906500	64
10907000	64
10907500	29
10908000	19
10908500	20
10909000	85
10909500	13
10910000	33
10910500	5
10911000	12
10911500	59
10912000	28
10912500	52
10913000	39
10913500	52
10914000	32
10914500	27
10915000	61
10915500	11
10916000	63
10916500	1
10917000	7
10917500	41
10918000	68
10918500	18
10919000	61
10919500	124
10920000	48
10920500	145
10921000	87
10921500	24
10922000	85
10922500	36
10923000	17
10923500	30
10924000	27
10924500	7
10925000	9
10925500	37
10926000	23
10926500	77
10927000	77
10927500	57
10928000	44
10928500	6
10929000	16
10929500	26
10930000	15
10930500	10
10931000	78
10931500	42
10932000	42
10932500	33
10933000	16
10933500	12
10934000	27
10934500	5
10935000	5
10935500	26
10936000	2
10936500	5
10937000	0
10937500	23
10938000	4
10938500	41
10939000	31
10939500	11
10940000	31
10940500	9
10941000	34
10941500	5
10942000	0
10942500	24
10943000	8
10943500	46
10944000	171
10944500	19
10945000	10
10945500	21
10946000	24
10946500	6
10947000	44
10947500	19
10948000	14
10948500	16
10949000	6
10949500	34
10950000	19
10950500	10
10951000	113
10951500	145
10952000	5
10952500	46
10953000	36
10953500	115
10954000	31
10954500	23
10955000	126
10955500	87
10956000	7
10956500	39
10957000	83
10957500	77
10958000	84
10958500	148
10959000	117
10959500	30
10960000	75
10960500	35
10961000	64
10961500	37
10962000	8
10962500	14
10963000	94
10963500	14
10964000	42
10964500	27
10965000	43
10965500	143
10966000	53
10966500	36
10967000	8
10967500	36
10968000	14
10968500	41
10969000	30
10969500	17
10970000	191
10970500	152
10971000	52
10971500	142
10972000	181
10972500	113
10973000	72
10973500	55
10974000	20
10974500	9
10975000	84
10975500	91
10976000	223
10976500	188
10977000	365
10977500	479
10978000	213
10978500	18
10979000	15
10979500	0
10980000	4
10980500	0
10981000	7
10981500	1
10982000	0
10982500	6
10983000	7
10983500	0
10984000	2
10984500	0
10985000	0
10985500	0
10986000	10
10986500	0
10987000	3
10987500	5
10988000	5
10988500	0
10989000	5
10989500	0
10990000	0
10990500	0
10991000	0
10991500	2
10992000	0
10992500	0
10993000	0
10993500	7
10994000	6
10994500	0
10995000	6
10995500	0
10996000	1
10996500	0
10997000	2
10997500	0
10998000	4
10998500	2
10999000	0
10999500	0
11000000	2
11000500	3
11001000	0
11001500	0
11002000	1
11002500	1
11003000	7
11003500	2
11004000	6
11004500	3
11005000	0
11005500	0
11006000	0
11006500	1
11007000	5
11007500	0
11008000	0
11008500	0
11009000	0
11009500	1
11010000	2
11010500	4
11011000	0
11011500	0
11012000	7
11012500	0
11013000	0
11013500	7
11014000	0
11014500	0
11015000	5
11015500	5
11016000	6
11016500	0
11017000	0
11017500	0
11018000	0
11018500	5
11019000	0
11019500	0
11020000	0
11020500	8
11021000	4
11021500	9
11022000	0
11022500	2
11023000	0
11023500	0
11024000	0
11024500	0
11025000	0
11025500	0
11026000	0
11026500	0
11027000	2
11027500	0
11028000	0
11028500	0
11029000	0
11029500	0
11030000	0
11030500	0
11031000	0
11031500	5
11032000	0
11032500	0
11033000	0
11033500	3
11034000	0
11034500	0
11035000	0
11035500	5
11036000	0
11036500	0
11037000	0
11037500	0
11038000	0
11038500	0
11039000	0
11039500	0
11040000	0
11040500	0
11041000	5
11041500	0
11042000	0
11042500	0
11043000	0
11043500	0
11044000	0
11044500	0
11045000	0
11045500	0
11046000	5
11046500	7
11047000	0
11047500	2
11048000	0
11048500	0
11049000	4
11049500	0
11050000	2
11050500	0
11051000	0
11051500	0
11052000	0
11052500	0
11053000	0
11053500	0
11054000	0
11054500	0
11055000	0
11055500	0
11056000	2
11056500	0
11057000	5
11057500	0
11058000	0
11058500	2
11059000	0
11059500	1
11060000	0
11060500	0
11061000	0
11061500	0
11062000	0
11062500	4
11063000	0
11063500	0
11064000	0
11064500	0
11065000	0
11065500	0
11066000	0
11066500	0
11067000	0
11067500	0
11068000	0
11068500	0
11069000	0
11069500	0
11070000	0
11070500	0
11071000	0
11071500	0
11072000	0
11072500	0
11073000	0
11073500	0
11074000	12
11074500	0
11075000	0
11075500	0
11076000	0
11076500	2
11077000	0
11077500	0
11078000	0
11078500	0
11079000	0
11079500	0
11080000	0
11080500	0
11081000	0
11081500	0
11082000	0
11082500	0
11083000	2
11083500	0
11084000	0
11084500	0
11085000	0
11085500	0
11086000	0
11086500	0
11087000	0
11087500	2
11088000	0
11088500	9
11089000	0
11089500	0
11090000	0
11090500	0
11091000	5
11091500	0
11092000	0
11092500	0
11093000	0
11093500	0
11094000	0
11094500	6
11095000	0
11095500	0
11096000	0
11096500	0
11097000	0
11097500	0
11098000	0
11098500	0
11099000	3
11099500	5
11100000	0
11100500	6
11101000	0
11101500	0
11102000	0
11102500	0
11103000	0
11103500	2
11104000	0
11104500	4
11105000	5
11105500	0
11106000	0
11106500	4
11107000	8
11107500	0
11108000	0
11108500	0
11109000	0
11109500	0
11110000	0
11110500	0
11111000	0
11111500	0
11112000	0
11112500	35
11113000	0
11113500	2
11114000	0
11114500	0
11115000	0
11115500	0
11116000	6
11116500	0
11117000	0
11117500	0
11118000	0
11118500	0
11119000	0
11119500	0
11120000	0
11120500	5
11121000	0
11121500	0
11122000	4
11122500	0
11123000	8
11123500	0
11124000	0
11124500	0
11125000	0
11125500	0
11126000	0
11126500	0
11127000	0
11127500	0
11128000	0
11128500	0
11129000	0
11129500	0
11130000	0
11130500	0
11131000	0
11131500	0
11132000	0
11132500	0
11133000	0
11133500	5
11134000	5
11134500	0
11135000	0
11135500	4
11136000	0
11136500	0
11137000	0
11137500	0
11138000	0
11138500	0
11139000	0
11139500	0
11140000	0
11140500	0
11141000	0
11141500	0
11142000	0
11142500	2
11143000	0
11143500	0
11144000	0
11144500	0
11145000	0
11145500	0
11146000	0
11146500	0
11147000	1
11147500	5
11148000	0
11148500	0
11149000	0
11149500	0
11150000	0
11150500	0
11151000	0
11151500	0
11152000	0
11152500	5
11153000	0
11153500	1
11154000	0
11154500	0
11155000	0
11155500	0
11156000	0
11156500	0
11157000	0
11157500	10
11158000	2
11158500	0
11159000	0
11159500	0
11160000	0
11160500	0
11161000	0
11161500	0
11162000	0
11162500	0
11163000	0
11163500	0
11164000	0
11164500	0
11165000	0
11165500	0
11166000	0
11166500	0
11167000	0
11167500	0
11168000	0
11168500	0
11169000	0
11169500	0
11170000	0
11170500	0
11171000	0
11171500	0
11172000	0
11172500	0
11173000	0
11173500	0
11174000	0
11174500	0
11175000	0
11175500	0
11176000	0
11176500	0
11177000	17
11177500	0
11178000	0
11178500	0
11179000	0
11179500	0
11180000	0
11180500	0
11181000	0
11181500	0
11182000	0
11182500	0
11183000	0
11183500	0
11184000	0
11184500	0
11185000	0
11185500	0
11186000	8
11186500	0
11187000	0
11187500	0
11188000	0
11188500	0
11189000	0
11189500	0
11190000	0
11190500	1
11191000	0
11191500	3
11192000	0
11192500	0
11193000	4
11193500	0
11194000	0
11194500	0
11195000	0
11195500	0
11196000	0
11196500	0
11197000	0
11197500	0
11198000	0
11198500	0
11199000	0
11199500	0
11200000	0
11200500	5
11201000	0
11201500	0
11202000	0
11202500	0
11203000	0
11203500	0
11204000	0
11204500	0
11205000	0
11205500	0
11206000	0
11206500	0
11207000	0
11207500	0
11208000	0
11208500	0
11209000	0
11209500	0
11210000	0
11210500	0
11211000	0
11211500	0
11212000	5
11212500	0
11213000	0
11213500	0
11214000	0
11214500	0
11215000	0
11215500	0
11216000	0
11216500	0
11217000	0
11217500	5
11218000	5
11218500	11
11219000	7
11219500	0
11220000	9
11220500	0
11221000	0
11221500	0
11222000	5
11222500	0
11223000	0
11223500	0
11224000	0
11224500	0
11225000	0
11225500	0
11226000	0
11226500	5
11227000	0
11227500	0
11228000	5
11228500	0
11229000	0
11229500	0
11230000	0
11230500	7
11231000	0
11231500	0
11232000	0
11232500	0
11233000	0
11233500	0
11234000	0
11234500	0
11235000	0
11235500	3
11236000	4
11236500	5
11237000	10
11237500	7
11238000	5
11238500	4
11239000	48
11239500	9
11240000	5
11240500	0
11241000	0
11241500	0
11242000	0
11242500	1
11243000	5
11243500	46
11244000	8
11244500	0
11245000	0
11245500	0
11246000	8
11246500	0
11247000	0
11247500	0
11248000	0
11248500	0
11249000	0
11249500	1
11250000	2
11250500	40
11251000	37
11251500	18
11252000	12
11252500	0
11253000	0
11253500	10
11254000	19
11254500	9
11255000	5
11255500	2
11256000	2
11256500	12
11257000	10
11257500	12
11258000	9
11258500	0
11259000	6
11259500	2
11260000	10
11260500	16
11261000	13
11261500	4
11262000	5
11262500	0
11263000	4
11263500	0
11264000	7
11264500	15
11265000	0
11265500	0
11266000	0
11266500	0
11267000	0
11267500	0
11268000	1
11268500	1
11269000	5
11269500	5
11270000	6
11270500	1
11271000	11
11271500	0
11272000	16
11272500	2
11273000	5
11273500	0
11274000	5
11274500	0
11275000	2
11275500	9
11276000	0
11276500	7
11277000	2
11277500	1
11278000	0
11278500	2
11279000	0
11279500	2
11280000	0
11280500	2
11281000	0
11281500	0
11282000	4
11282500	0
11283000	0
11283500	12
11284000	6
11284500	2
11285000	7
11285500	0
11286000	6
11286500	9
11287000	5
11287500	2
11288000	2
11288500	7
11289000	4
11289500	21
11290000	22
11290500	40
11291000	17
11291500	19
11292000	4
11292500	10
11293000	2
11293500	25
11294000	25
11294500	0
11295000	6
11295500	2
11296000	9
11296500	5
11297000	27
11297500	0
11298000	11
11298500	0
11299000	0
11299500	0
11300000	0
11300500	0
11301000	14
11301500	2
11302000	0
11302500	5
11303000	5
11303500	2
11304000	2
11304500	2
11305000	7
11305500	0
11306000	0
11306500	0
11307000	3
11307500	0
11308000	2
11308500	5
11309000	5
11309500	0
11310000	0
11310500	10
11311000	2
11311500	0
11312000	2
11312500	0
11313000	6
11313500	9
11314000	6
11314500	2
11315000	4
11315500	3
11316000	21
11316500	19
11317000	0
11317500	0
11318000	0
11318500	0
11319000	0
11319500	0
11320000	2
11320500	4
11321000	5
11321500	2
11322000	9
11322500	2
11323000	0
11323500	3
11324000	0
11324500	5
11325000	0
11325500	7
11326000	0
11326500	1
11327000	2
11327500	7
11328000	0
11328500	4
11329000	17
11329500	0
11330000	0
11330500	0
11331000	0
11331500	0
11332000	0
11332500	0
11333000	0
11333500	0
11334000	0
11334500	4
11335000	2
11335500	2
11336000	5
11336500	0
11337000	2
11337500	2
11338000	0
11338500	0
11339000	0
11339500	2
11340000	0
11340500	2
11341000	0
11341500	20
11342000	0
11342500	2
11343000	2
11343500	2
11344000	2
11344500	0
11345000	38
11345500	5
11346000	5
11346500	2
11347000	0
11347500	0
11348000	14
11348500	0
11349000	0
11349500	0
11350000	12
11350500	0
11351000	0
11351500	0
11352000	2
11352500	2
11353000	5
11353500	0
11354000	2
11354500	0
11355000	3
11355500	2
11356000	2
11356500	0
11357000	0
11357500	7
11358000	0
11358500	0
11359000	2
11359500	2
11360000	2
11360500	0
11361000	0
11361500	0
11362000	3
11362500	1
11363000	3
11363500	0
11364000	1
11364500	0
11365000	4
11365500	0
11366000	0
11366500	1
11367000	6
11367500	11
11368000	20
11368500	9
11369000	0
11369500	0
11370000	5
11370500	13
11371000	0
11371500	0
11372000	7
11372500	2
11373000	1
11373500	57
11374000	36
11374500	250
11375000	78
11375500	63
11376000	23
11376500	19
11377000	50
11377500	17
11378000	9
11378500	17
11379000	64
11379500	103
11380000	36
11380500	62
11381000	40
11381500	118
11382000	129
11382500	36
11383000	107
11383500	46
11384000	13
11384500	23
11385000	31
11385500	58
11386000	108
11386500	77
11387000	93
11387500	134
11388000	199
11388500	139
11389000	112
11389500	159
11390000	58
11390500	96
11391000	135
11391500	121
11392000	62
11392500	138
11393000	129
11393500	159
11394000	139
11394500	118
11395000	128
11395500	82
11396000	42
11396500	83
11397000	58
11397500	22
11398000	62
11398500	38
11399000	95
11399500	43
11400000	126
11400500	101
11401000	148
11401500	38
11402000	28
11402500	75
11403000	33
11403500	46
11404000	11
11404500	43
11405000	167
11405500	63
11406000	59
11406500	31
11407000	55
11407500	78
11408000	57
11408500	66
11409000	53
11409500	61
11410000	33
11410500	38
11411000	32
11411500	54
11412000	41
11412500	37
11413000	57
11413500	33
11414000	51
11414500	17
11415000	14
11415500	16
11416000	38
11416500	23
11417000	29
11417500	52
11418000	90
11418500	38
11419000	37
11419500	30
11420000	31
11420500	86
11421000	60
11421500	38
11422000	20
11422500	15
11423000	36
11423500	27
11424000	34
11424500	73
11425000	102
11425500	85
11426000	19
11426500	55
11427000	33
11427500	58
11428000	15
11428500	32
11429000	28
11429500	16
11430000	76
11430500	44
11431000	15
11431500	26
11432000	8
11432500	45
11433000	55
11433500	22
11434000	49
11434500	5
11435000	18
11435500	43
11436000	38
11436500	10
11437000	47
11437500	128
11438000	105
11438500	53
11439000	33
11439500	82
11440000	150
11440500	58
11441000	56
11441500	44
11442000	17
11442500	42
11443000	15
11443500	26
11444000	31
11444500	2
11445000	13
11445500	25
11446000	350
11446500	615
11447000	435
11447500	274
11448000	264
11448500	196
11449000	298
11449500	315
11450000	285
11450500	257
11451000	182
11451500	129
11452000	296
11452500	419
11453000	536
11453500	428
11454000	529
11454500	363
11455000	313
11455500	413
11456000	307
11456500	245
11457000	307
11457500	319
11458000	161
11458500	659
11459000	473
11459500	594
11460000	721
11460500	484
11461000	267
11461500	322
11462000	376
11462500	426
11463000	547
11463500	342
11464000	441
11464500	153
11465000	295
11465500	688
11466000	678
11466500	696
11467000	384
11467500	186
11468000	589
11468500	215
11469000	102
11469500	104
11470000	142
11470500	190
11471000	384
11471500	360
11472000	118
11472500	85
11473000	511
11473500	325
11474000	79
11474500	109
11475000	38
11475500	29
11476000	9
11476500	13
11477000	53
11477500	5
11478000	44
11478500	15
11479000	128
11479500	18
11480000	188
11480500	66
11481000	41
11481500	53
11482000	93
11482500	25
11483000	22
11483500	15
11484000	8
11484500	1
11485000	19
11485500	1
11486000	39
11486500	75
11487000	14
11487500	7
11488000	33
11488500	18
11489000	11
11489500	15
11490000	18
11490500	4
11491000	0
11491500	42
11492000	4
11492500	1
11493000	0
11493500	3
11494000	1
11494500	4
11495000	0
11495500	0
11496000	2
11496500	5
11497000	10
11497500	6
11498000	4
11498500	4
11499000	17
11499500	3
11500000	17
11500500	0
11501000	0
11501500	0
11502000	4
11502500	15
11503000	0
11503500	10
11504000	7
11504500	0
11505000	4
11505500	2
11506000	0
11506500	2
11507000	1
11507500	10
11508000	0
11508500	7
11509000	0
11509500	0
11510000	0
11510500	30
11511000	7
11511500	13
11512000	8
11512500	0
11513000	5
11513500	14
11514000	0
11514500	0
11515000	5
11515500	0
11516000	0
11516500	8
11517000	0
11517500	4
11518000	0
11518500	0
11519000	1
11519500	0
11520000	1
11520500	17
11521000	1
11521500	2
11522000	10
11522500	0
11523000	5
11523500	1
11524000	9
11524500	0
11525000	10
11525500	4
11526000	1
11526500	0
11527000	5
11527500	8
11528000	0
11528500	0
11529000	5
11529500	0
11530000	6
11530500	9
11531000	13
11531500	15
11532000	0
11532500	5
11533000	0
11533500	0
11534000	63
11534500	5
11535000	8
11535500	0
11536000	0
11536500	0
11537000	0
11537500	51
11538000	16
11538500	2
11539000	0
11539500	3
11540000	0
11540500	0
11541000	14
11541500	2
11542000	0
11542500	2
11543000	2
11543500	3
11544000	6
11544500	7
11545000	7
11545500	5
11546000	2
11546500	0
11547000	5
11547500	2
11548000	1
11548500	0
11549000	7
11549500	4
11550000	0
11550500	2
11551000	0
11551500	1
11552000	10
11552500	0
11553000	6
11553500	0
11554000	0
11554500	1
11555000	1
11555500	0
11556000	7
11556500	2
11557000	1
11557500	13
11558000	0
11558500	1
11559000	2
11559500	5
11560000	1
11560500	39
11561000	1
11561500	1
11562000	11
11562500	0
11563000	9
11563500	18
11564000	3
11564500	3
11565000	4
11565500	5
11566000	15
11566500	0
11567000	7
11567500	6
11568000	0
11568500	7
11569000	6
11569500	5
11570000	6
11570500	3
11571000	0
11571500	0
11572000	3
11572500	0
11573000	0
11573500	2
11574000	0
11574500	3
11575000	0
11575500	0
11576000	5
11576500	0
11577000	2
11577500	13
11578000	0
11578500	0
11579000	4
11579500	0
11580000	0
11580500	0
11581000	0
11581500	0
11582000	0
11582500	0
11583000	3
11583500	1
11584000	0
11584500	6
11585000	0
11585500	0
11586000	0
11586500	0
11587000	0
11587500	0
11588000	3
11588500	0
11589000	0
11589500	0
11590000	0
11590500	0
11591000	3
11591500	0
11592000	0
11592500	1
11593000	2
11593500	4
11594000	0
11594500	0
11595000	0
11595500	0
11596000	10
11596500	0
11597000	0
11597500	0
11598000	0
11598500	0
11599000	0
11599500	0
11600000	0
11600500	8
11601000	0
11601500	3
11602000	0
11602500	0
11603000	0
11603500	0
11604000	5
11604500	0
11605000	1
11605500	5
11606000	0
11606500	0
11607000	0
11607500	0
11608000	0
11608500	0
11609000	0
11609500	4
11610000	5
11610500	0
11611000	0
11611500	0
11612000	0
11612500	0
11613000	0
11613500	0
11614000	0
11614500	4
11615000	5
11615500	0
11616000	0
11616500	0
11617000	0
11617500	0
11618000	0
11618500	0
11619000	3
11619500	0
11620000	0
11620500	11
11621000	0
11621500	0
11622000	0
11622500	3
11623000	0
11623500	0
11624000	0
11624500	0
11625000	1
11625500	0
11626000	8
11626500	0
11627000	1
11627500	5
11628000	1
11628500	0
11629000	5
11629500	0
11630000	3
11630500	0
11631000	0
11631500	0
11632000	3
11632500	0
11633000	0
11633500	0
11634000	0
11634500	8
11635000	1
11635500	3
11636000	0
11636500	0
11637000	0
11637500	0
11638000	0
11638500	0
11639000	0
11639500	0
11640000	0
11640500	0
11641000	9
11641500	0
11642000	0
11642500	5
11643000	0
11643500	0
11644000	2
11644500	1
11645000	0
11645500	0
11646000	5
11646500	2
11647000	0
11647500	3
11648000	5
11648500	0
11649000	0
11649500	0
11650000	2
11650500	1
11651000	0
11651500	1
11652000	5
11652500	0
11653000	0
11653500	2
11654000	0
11654500	0
11655000	0
11655500	0
11656000	0
11656500	0
11657000	0
11657500	0
11658000	0
11658500	0
11659000	0
11659500	0
11660000	0
11660500	0
11661000	0
11661500	0
11662000	0
11662500	0
11663000	1
11663500	0
11664000	0
11664500	0
11665000	0
11665500	0
11666000	0
11666500	0
11667000	0
11667500	0
11668000	5
11668500	0
11669000	0
11669500	5
11670000	0
11670500	0
11671000	0
11671500	0
11672000	0
11672500	0
11673000	0
11673500	0
11674000	0
11674500	0
11675000	0
11675500	0
11676000	0
11676500	5
11677000	0
11677500	0
11678000	0
11678500	0
11679000	0
11679500	0
11680000	0
11680500	0
11681000	0
11681500	0
11682000	0
11682500	0
11683000	0
11683500	0
11684000	0
11684500	0
11685000	0
11685500	7
11686000	0
11686500	5
11687000	0
11687500	81
11688000	1
11688500	0
11689000	0
11689500	3
11690000	4
11690500	0
11691000	0
11691500	0
11692000	0
11692500	8
11693000	0
11693500	2
11694000	0
11694500	1
11695000	9
11695500	9
11696000	60
11696500	52
11697000	82
11697500	27
11698000	7
11698500	1
11699000	35
11699500	14
11700000	4
11700500	20
11701000	32
11701500	2
11702000	1
11702500	13
11703000	6
11703500	32
11704000	23
11704500	18
11705000	43
11705500	4
11706000	0
11706500	0
11707000	5
11707500	0
11708000	24
11708500	2
11709000	16
11709500	40
11710000	67
11710500	14
11711000	53
11711500	80
11712000	30
11712500	48
11713000	12
11713500	32
11714000	14
11714500	31
11715000	30
11715500	45
11716000	10
11716500	2
11717000	17
11717500	16
11718000	44
11718500	52
11719000	11
11719500	6
11720000	14
11720500	10
11721000	9
11721500	0
11722000	9
11722500	7
11723000	17
11723500	20
11724000	18
11724500	11
11725000	6
11725500	2
11726000	18
11726500	34
11727000	19
11727500	14
11728000	8
11728500	34
11729000	8
11729500	30
11730000	6
11730500	22
11731000	34
11731500	11
11732000	7
11732500	50
11733000	5
11733500	9
11734000	30
11734500	3
11735000	17
11735500	5
11736000	5
11736500	5
11737000	5
11737500	4
11738000	0
11738500	14
11739000	23
11739500	22
11740000	3
11740500	7
11741000	10
11741500	12
11742000	0
11742500	16
11743000	4
11743500	5
11744000	15
11744500	15
11745000	5
11745500	13
11746000	15
11746500	0
11747000	18
11747500	19
11748000	7
11748500	5
11749000	4
11749500	0
11750000	0
11750500	0
11751000	0
11751500	3
11752000	0
11752500	5
11753000	9
11753500	0
11754000	13
11754500	4
11755000	3
11755500	19
11756000	5
11756500	0
11757000	12
11757500	5
11758000	0
11758500	0
11759000	5
11759500	0
11760000	4
11760500	25
11761000	3
11761500	4
11762000	0
11762500	0
11763000	0
11763500	0
11764000	6
11764500	3
11765000	3
11765500	1
11766000	2
11766500	0
11767000	2
11767500	5
11768000	3
11768500	5
11769000	21
11769500	7
11770000	23
11770500	11
11771000	11
11771500	0
11772000	0
11772500	0
11773000	5
11773500	0
11774000	5
11774500	21
11775000	8
11775500	1
11776000	9
11776500	7
11777000	16
11777500	2
11778000	0
11778500	5
11779000	6
11779500	2
11780000	0
11780500	1
11781000	23
11781500	6
11782000	12
11782500	5
11783000	1
11783500	0
11784000	0
11784500	0
11785000	0
11785500	1
11786000	12
11786500	13
11787000	0
11787500	0
11788000	0
11788500	5
11789000	0
11789500	0
11790000	0
11790500	0
11791000	0
11791500	7
11792000	0
11792500	0
11793000	7
11793500	0
11794000	0
11794500	0
11795000	0
11795500	0
11796000	1
11796500	0
11797000	0
11797500	1
11798000	0
11798500	0
11799000	1
11799500	6
11800000	4
11800500	0
11801000	1
11801500	0
11802000	0
11802500	0
11803000	6
11803500	2
11804000	1
11804500	10
11805000	4
11805500	0
11806000	0
11806500	9
11807000	3
11807500	0
11808000	0
11808500	5
11809000	0
11809500	0
11810000	0
11810500	0
11811000	0
11811500	2
11812000	0
11812500	2
11813000	0
11813500	7
11814000	1
11814500	0
11815000	0
11815500	0
11816000	0
11816500	0
11817000	2
11817500	1
11818000	0
11818500	0
11819000	2
11819500	0
11820000	1
11820500	0
11821000	0
11821500	0
11822000	0
11822500	0
11823000	0
11823500	1
11824000	1
11824500	8
11825000	2
11825500	5
11826000	0
11826500	0
11827000	6
11827500	0
11828000	0
11828500	0
11829000	4
11829500	2
11830000	3
11830500	0
11831000	1
11831500	0
11832000	4
11832500	0
11833000	2
11833500	26
11834000	16
11834500	45
11835000	52
11835500	16
11836000	10
11836500	10
11837000	0
11837500	1
11838000	3
11838500	4
11839000	4
11839500	7
11840000	6
11840500	12
11841000	3
11841500	15
11842000	1
11842500	0
11843000	0
11843500	2
11844000	5
11844500	2
11845000	1
11845500	0
11846000	3
11846500	4
11847000	3
11847500	2
11848000	2
11848500	19
11849000	13
11849500	3
11850000	4
11850500	0
11851000	3
11851500	1
11852000	5
11852500	0
11853000	7
11853500	1
11854000	9
11854500	51
11855000	144
11855500	98
11856000	7
11856500	11
11857000	0
11857500	17
11858000	3
11858500	2
11859000	0
11859500	2
11860000	0
11860500	0
11861000	0
11861500	16
11862000	7
11862500	1
11863000	0
11863500	0
11864000	18
11864500	7
11865000	15
11865500	23
11866000	33
11866500	18
11867000	4
11867500	6
11868000	10
11868500	10
11869000	12
11869500	0
11870000	10
11870500	5
11871000	2
11871500	34
11872000	16
11872500	36
11873000	6
11873500	6
11874000	2
11874500	35
11875000	5
11875500	0
11876000	5
11876500	5
11877000	0
11877500	5
11878000	4
11878500	15
11879000	0
11879500	1
11880000	20
11880500	6
11881000	12
11881500	58
11882000	8
11882500	13
11883000	15
11883500	6
11884000	27
11884500	4
11885000	0
11885500	2
11886000	6
11886500	8
11887000	24
11887500	17
11888000	4
11888500	0
11889000	0
11889500	4
11890000	4
11890500	0
11891000	2
11891500	11
11892000	33
11892500	14
11893000	9
11893500	17
11894000	7
11894500	2
11895000	4
11895500	0
11896000	0
11896500	4
11897000	5
11897500	12
11898000	15
11898500	33
11899000	15
11899500	16
11900000	14
11900500	18
11901000	1
11901500	10
11902000	8
11902500	2
11903000	0
11903500	3
11904000	13
11904500	8
11905000	50
11905500	2
11906000	0
11906500	0
11907000	0
11907500	0
11908000	0
11908500	2
11909000	4
11909500	2
11910000	5
11910500	0
11911000	0
11911500	0
11912000	0
11912500	0
11913000	0
11913500	1
11914000	0
11914500	0
11915000	1
11915500	0
11916000	2
11916500	2
11917000	4
11917500	6
11918000	16
11918500	11
11919000	11
11919500	2
11920000	11
11920500	1
11921000	8
11921500	2
11922000	2
11922500	19
11923000	4
11923500	4
11924000	5
11924500	24
11925000	13
11925500	6
11926000	12
11926500	8
11927000	11
11927500	18
11928000	4
11928500	12
11929000	6
11929500	5
11930000	2
11930500	2
11931000	5
11931500	2
11932000	9
11932500	6
11933000	29
11933500	8
11934000	14
11934500	5
11935000	8
11935500	17
11936000	7
11936500	10
11937000	31
11937500	17
11938000	15
11938500	36
11939000	21
11939500	18
11940000	9
11940500	14
11941000	11
11941500	18
11942000	69
11942500	21
11943000	14
11943500	4
11944000	18
11944500	12
11945000	12
11945500	10
11946000	12
11946500	9
11947000	19
11947500	1
11948000	13
11948500	30
11949000	13
11949500	5
11950000	7
11950500	3
11951000	2
11951500	0
11952000	1
11952500	5
11953000	1
11953500	0
11954000	3
11954500	3
11955000	1
11955500	11
11956000	18
11956500	6
11957000	23
11957500	7
11958000	15
11958500	32
11959000	64
11959500	8
11960000	9
11960500	0
11961000	7
11961500	12
11962000	11
11962500	7
11963000	7
11963500	30
11964000	10
11964500	11
11965000	6
11965500	1
11966000	12
11966500	0
11967000	0
11967500	0
11968000	8
11968500	11
11969000	12
11969500	10
11970000	11
11970500	10
11971000	1
11971500	0
11972000	0
11972500	0
11973000	0
11973500	0
11974000	0
11974500	0
11975000	2
11975500	4
11976000	0
11976500	4
11977000	0
11977500	0
11978000	0
11978500	0
11979000	0
11979500	0
11980000	10
11980500	0
11981000	1
11981500	0
11982000	13
11982500	15
11983000	0
11983500	0
11984000	0
11984500	0
11985000	0
11985500	0
11986000	7
11986500	5
11987000	7
11987500	0
11988000	4
11988500	2
11989000	0
11989500	0
11990000	0
11990500	0
11991000	0
11991500	0
11992000	0
11992500	0
11993000	2
11993500	9
11994000	6
11994500	0
11995000	7
11995500	0
11996000	0
11996500	0
11997000	0
11997500	0
11998000	2
11998500	2
11999000	1
11999500	1
12000000	0
12000500	12
12001000	0
12001500	0
12002000	0
12002500	0
12003000	0
12003500	0
12004000	8
12004500	7
12005000	5
12005500	46
12006000	28
12006500	20
12007000	0
12007500	0
12008000	0
12008500	0
12009000	0
12009500	2
12010000	94
12010500	447
12011000	968
12011500	1490
12012000	467
12012500	0
12013000	0
12013500	0
12014000	0
12014500	0
12015000	188
12015500	274
12016000	1124
12016500	460
12017000	235
12017500	642
12018000	436
12018500	0
12019000	0
12019500	0
12020000	0
12020500	111
12021000	21
12021500	437
12022000	338
12022500	218
12023000	396
12023500	221
12024000	0
12024500	0
12025000	0
12025500	0
12026000	0
12026500	77
12027000	178
12027500	241
12028000	361
12028500	175
12029000	715
12029500	254
12030000	0
12030500	0
12031000	0
12031500	0
12032000	52
12032500	20
12033000	150
12033500	186
12034000	249
12034500	348
12035000	484
12035500	0
12036000	0
12036500	0
12037000	0
12037500	0
12038000	178
12038500	42
12039000	72
12039500	43
12040000	94
12040500	170
12041000	211
12041500	0
12042000	0
12042500	0
12043000	0
12043500	89
12044000	13
12044500	95
12045000	69
12045500	79
12046000	49
12046500	132
12047000	0
12047500	0
12048000	0
12048500	0
12049000	0
12049500	91
12050000	124
12050500	59
12051000	60
12051500	79
12052000	147
12052500	0
12053000	0
12053500	0
12054000	0
12054500	0
12055000	276
12055500	104
12056000	81
12056500	25
12057000	71
12057500	38
12058000	46
12058500	0
12059000	0
12059500	0
12060000	0
12060500	0
12061000	8
12061500	123
12062000	198
12062500	118
12063000	43
12063500	28
12064000	35
